14352221928302851179
9452270416664110123
1688029405990045611
14946691650216502907
2263434696385079163
5714880997563016907
15963890196221345005
7228850249585536254
7228849737419132479
7805609002835520702
311342112271183038
7517099351794728383
1012558535692266501
10163781847863602445
10208892885571412237
7805327498725502143
11487844726443091567
10028696122709845614
14505309199648237135
9749262742242199257
9893869479578580216
9461383025493849198
1102350056390403163
14342264673625357643
14792162943805564523
9461382630356886602
9443402861110704890
9604303188859598408
14127008678102570665
3048153886748096203
9605463182203724890
14071837739022034682
9317795893897869021
13928685865974642217
9397065934204676642
9739412410858320995
9461346916644169339
15261754173389813738
14072959073447851643
9758580957223860203
236796919968707897
14072963694752503418
14271192431024669914
14658820547263861978
14342018519654839915
7876010539860473595
16232446160946146507
14935472927973582536
14226050144202205674
11550956387926193377
245852505312869512
245746265201161306
1534951077770962680
10334729443175612275
9902632485565302475
9605464346695873641
10893175918035023467
10181888682233988829
5210160768619934807
14361263219954984682
14351091432729916779
93789524779120379
9451179487519684106
14053860436749432811
9748451220940963051
5120366240068843480
9470354841947616362
14973623921044107490
9947701295148304041
16341777093702825467
11622834398118721066
14419830633070601835
9749507726596223214
13928811990863132479
9461349025389229274
14082025544042452199
9605110995198969048
9303718640463947483
14215952623276500075
9533405522080310909
13910973628613952572
9389362584983471864
9757389026473129323
382020429423351435
4922196861080851547
14684168549649921642
10308480608995980633
14073029340176196845
5141271254681564379
9470354506747324258
13942335993527940698
9604019063296927274
13928883476386289643
9605423546859591658
14221649570428364505
13855491302736901882
9686125247857497675
9370872689502230201
9452304761434973217
14342126009444834538
9461048962047289033
14343144162735535211
15080062539492504795
15944436853971616978
14415505154429660521
9611577498136358658
14503559945793211848
8420127310668835728
11560302842753760464
13927028685293324080
13854518240587820798
7558624353695606772
14196796067665749202
11829336284494419184
9727548068042114778
622350936052203546
5167609924297294339
14986637706168910101
4657857611897930395
14569028176243071643
18209394323215666931
16391571775966946962
5147074845645480664
417064321511360219
5172865527880385755
7965906675018106587
7595221606875269881
6983853697155239667
2520755132232794819
2633116832503465723
29455345246635771
2312798428442692811
43265140424476875
2615362039277199603
2655318291834766067
2309121543212925635
2903614407779910361
138353607231317211
3322431580939125955
3498085035720343763
2435239904795988115
335999532514575611
2430736309462532307
3228435976718754387
3335941827914662611
2904124576473057011
2650814694048696027
1138185757100900547
147112366115955283
2597369650063385691
3177771049859712219
2650814713413862595
2601312361321641179
2488441035247223443
5326251884034949331
3082896253084273363
129097828154245339
344707248032353499
2470969638716474587
345006933900035291
5533711642356647667
2664641548836701931
2920783827069077203
543427895464075515
7983956277223532275
2651412686644749019
2363181767447848659
3173812655792694491
2362614569768617171
2431857807033336019
3065743446757901043
3231814226060804851
3236320024845657811
7208347647426995419
2655351281210262779
7636334680986911443
849124029900688115
562304997479974619
2328279413678441691
381576643127051515
21270921835218651
2623827744087639755
2407654944533947083
2723469868399108827
2326551118540801243
3272911771952448731
7011987846031251059
9214705476186062587
9221460872405937771
9207950073523828331
8059499182146877099
8068539366758902507
9219209071518514923
4497184935234989275
9219209073699551867
5724380583856664187
7960455175262076635
9108870949367408843
9221460875627162235
8068539373167798859
4603019453455236347
8061783932924559099
8059514576358113019
9108873083966155899
3351335055186776283
7794029528585256507
814709038186299073
3047358776240301819
10253611740284110427
3379499129165180147
3472316875105024483
5354257332576503393
5676900052988628659
5353345703087308433
5620815082169883761
7983303980471062131
885403498386818283
5683655452667186873
5683655487017487929
7965289550318178019
1065211865894016553
14970078468277063353
2228392386416259997
1029256807914794745
5497598655190353529
1048186001683746547
12573317351017657049
3181923485608095473
8831233138877895321
3210670159083163867
7966381399950897395
3380327479014044803
8957208780661211387
7343954476248782042
7394650746902433978
3893474780051151787
11740398002752467443
4371875837120393946
4557756660937688248
3192056587776456851
3237760451632554203
8696123142994171099
2488915740003471587
7893760813050651787
3363458343193185017
454353198847261913
3777998441904132179
3841012673955881178
7970356217177252851
18306135979484287739
8425149373377486743
4514934255318513791
4526792913913241241
8089082633668674665
5729247973949800601
6369867006690792090
13760862661134565043
18440657911069056153
4434432283487017721
4441224807597641644
4432217300742098876
4596557472025843963
2288467061179161851
13567877170133506713
13641482620047755679
13567771617015667416
11358747772041075896
7794303512738845331
3373767517443634721
1149093737943830257
7983233589077642995
5172724794820955371
7227068945842867931
13899346071471706267
4704261446152266954
7519352096105688830
524868138100885210
7839139448185619659
5501117932226987227
3196230939680786067
928696032371965570
899421518000903827
1690094572140080287
15230052643397200627
14623198525623305747
327256370975639243
5533153639939212523
7857413072729445587
17950111159706500322
7911054237842835195
5507803370983555835
2344605101645661387
416782988268569819
2407884199379633387
2659575604846265579
2398912184230642939
4614665069691176667
155556087568303867
187925688118511323
2345712857462116043
2637056792847746763
2574288010480231659
2794666018698994891
1038842774866789075
2799169068570550995
7911599478554501843
2480258315095420107
524869379325429467
380859761545746138
525150716863218907
5146385031705166555
895004592834347259
362739809953546491
4705036730710656763
5011017004123424491
2670253509906801371
967910992937486075
5961258957170050795
2191482166976448219
6515501308659402491
2290561908264961755
5578730458763265771
5713838586902382331
471107521334773467
453651674733250795
453093118530061563
8019681611147412219
471107104639058651
7443220841664121435
7370340808633650907
2759477246379723339
2758654669947181771
1678349448724122203
2867584506719147739
345006731768136923
5496082592065912923
2633397876889780955
2345167911981449419
5488487097021797115
2353330136580394699
2335597354749037811
488840440438099163
561737945527912187
2448152569350620379
399014878214128891
2867581231766995675
238591735824680667
4992576291435185915
381598611884771067
426071726957823195
958041656322983643
3416426488968809723
1110579103201494267
8777295979009371738
9252759203943196107
3344945180761164891
2741467224457643099
3417002774815869531
7086894974515185403
345569814869738195
310103847557957339
10866981283792433818
5092363845772020443
318548101408001755
2498571106453586019
2466201762235187315
1030081769827501179
2633398428023433467
2650568263857636091
426630089853668091
2616509791692423419
2756913026368835835
7388636684269159147
4776971115019372283
2794964929057948395
435641676414616827
5065324636459009243
507136451495625947
2488438681565168875
5642612238684292827
415764853190858491
211565347029680363
4850277771429844715
7100406174992336603
7876151277376014075
363021125982912731
7443238449989845211
35658776034672859
10041301887924218841
9830573462645474714
20881907589321467
4997626550041355707
5001817947162130315
6650448620766635951
3191562089757603577
7802694847574861558
10911217971240894876
9474842419721324027
9252489468249900490
9539301157223302571
9684264150249014680
310803445999413181
9472564094189553083
14126217437473715101
9631808404675533039
17829863547484796253
14252664181589075980
15945385678763800207
17068942682415448973
13096769183990758673
13601267647430098563
10088995060067639193
10793799749744889026
12433107667865440859
12424073940427934298
10199322389554795211
9596966624664403538
9398843622766150872
5588694101685840107
10047326664473716830
10145311364999864604
11334191176403424972
9650936985644826859
389954779174568623
3299174301567714027
9547459988923482251
1909612618906448651
2792519973917318431
11737875442681191954
13274647084184325105
9241736483332071088
10415047271431198929
2648478350051731473
2776759084442651139
912876123501376729
11883045090408926867
3948889443425806851
3299211960482139851
3354456710196789043
7983483064088926249
6803603742081828893
786282336253930935
2792528907449158687
11719602847904779959
15294370565126454283
2705264541193635467
15619909363090024907
13603973201475275467
11853491394322386883
9241471092668165043
1498299599534562985
324620496215867325
180215311949692599
182511054629756599
9710126480621927835
10718651358683954201
9511686658547076115
11587071411902379457
14136200475832469196
4921691117264008847
3947696507607774534
11692835145127513904
12316583684530462577
16917038206986706451
16341706581736192529
11449628052092312087
13240925740322965899
4459239756954361739
2074755955866607289
13101338758841461139
486677995496361119
9277420312642059800
993931867164151435
2721879993746808339
2648468556978875679
10378830176385458901
2648405266945428511
9998343909077839763
9403872052486560531
17353850435788302875
12741812564982987283
10430690983515385745
17493404310405607191
3550246348484737809
2949088668260593299
11835784206465387539
11952627080313136787
5854962112944535565
10145783454332831291
9268481780949702807
15085280482752028483
11115190661199907482
1621659559162867069
5782983138285013655
3062450078020333599
11733087831861164819
16339415265517764243
2794772804623748383
16778529361009396947
198237612663261651
5098442147968085271
1603649386917690807
5945049090345369219
14857213438362294416
17925813730801899843
10718644931360160471
2648405258384460443
2650658166266022043
2509704623901338259
11150956229728751125
9232524693547665415
15620055870868744199
11435606832756845715
15042380699987311703
7584456556508307219
630831735199071891
342570572753948575
1428851227406072371
1065949648164624541
11006810197351948243
11656133577682007730
13030113378639766035
4384561065261868255
7404276283913554971
8126753595465944979
17420282402680753855
10399606480957341322
5979594544122841373
18061260382148107
11999849069377541507
15046534080997194455
3281725330239161483
2360184270417190611
14486505066603969723
12731224809438986935
3927761026137147273
9725854507002582239
8665282611764414502
408428361064782483
993931970243887771
9541798473360640203
10208296808993167051
12594606272246655555
10254493407510957123
13100731803462928514
3297523118474153611
2722188266140003987
10154286803969247435
9253575906788868346
12514139713315712211
1552343080618329291
13023098996436673783
7949165351396707038
10140725120349181650
17040248687359068894
10135711244277725771
10155421920343296602
12432546227023157833
9551404108062853321
12523127971471068355
2477223774575842280
903824599106948299
973630526475373721
10146406056643724515
12568214252028562171
324020932597383307
399456751785222859
5136825240567994088
6841994569719150441
5542014553117881933
9320567380707265245
11835194096644456607
12502845291269868767
12505167871993316055
957082720648312826
1789003022175182382
577943233243787433
14510992846891525849
14378612404534254827
14855482881263093974
5578604082415671256
9601999191929679372
13862448228050141657
5118821896103970443
1099414686413942476
10181432853941585659
1012227996392499960
2845008322366371323
971299558513264595
9396879940947373723
6728405533241244859
7568332825982332645
5355134670530043546
5355697620483461778
5211586832064728594
7865081678542751141
7883060823925015845
8027176355600356645
8009197142635271457
8027457831717917985
5577499290797430049
7883342643608507809
5559203691180414245
7883061167625164197
7882779348950402433
2908001111099983506
5316642207813911975
674204700845760147
14184406568640781962
971018220979701715
146950473080386739
890349331308918011
5584393157969987538
1021305564391455480
2770628559804118527
14898331915756775046
10250596106031861749
962697108608845817
9604784657785165788
5568471001239138266
502212788841445339
965379770670729178
956355125271349202
3246839747084435163
5499387697840277458
212020948778987224
7481740953186294481
8526558522738605761
171558981040156376
5580311720492820442
451547406919339549
3820229845685214401
4917974522070142665
12558990745318830685
173722767981389532
5641751182904301268
5516158352559863442
7510060160542139909
13644302337249839317
1004062525857876163
10704783120539587787
14577398583666947797
14940977505870564054
10698067827384648073
15478913491783691687
13658018593366775019
4954431887089396956
10028116023507307157
5429391945065845406
14571699397169006110
14844886721138609756
12505167468237297611
11352243756050547403
11986933396640711773
390002139024072732
10037797639287883484
886491026054581328
5499233628539902486
9681926965306494536
5747547454066976630
1029952832709495491
10181235818989499499
10251039703005042245
12268650007357590127
5496681880345157349
5640620327274721527
2074760080142012107
9152164186776573603
10199251883878425195
895492267017217342
957130025562175384
10101860661335851769
946639953457220730
3373867976960003195
345447916427971267
6191118590805957115
4957081559778926739
9134164784806228371
13009500594914696323
8000759018042854474
2623705672429537483
3216453919786666127
2803780388375627979
11704589720605687935
3306529831768429189
3299774990606037643
4451535340863910537
7891194732327087749
6758539495626904259
991679829156463241
3279473530601349249
973665705482937991
3306495136678675595
3308782189617531593
3288515922608453249
991662234957176523
3279473528177090251
219277307872151179
975917229357567619
3297487937402738315
9062095459577115289
3297487936329516681
11531532287599140467
11853780987123026625
12430823157882556059
10359167329225053849
16744740259070900242
3515366061456195395
11547554405266906843
18071651921296236251
9264187424412482113
10145264076479675083
9620014115901034395
12571006674568773851
14143893812900879244
7954578426783178972
5003413421894172907
3349578574305469657
7830431050937021179
7145424731564181211
5291067395968665307
489121932728895195
1102157033361933531
4704473733797807323
7156120780684429051
5209439824534865659
4921205050605076699
12235872970663601898
5365303371490266837
7160061395373532923
498400040228572808
2650839277328682698
7512854913792251569
1106530615616710397
5398196627098519275
4850277771733933273
11767797414488942315
289125024453040118
15601258203658171483
272191298854467322
14646732425483232974
9748434800823773119
381581024028264187
371747060747896043
4987936489826192075
4839594761855471339
552172379066640635
14342475985982360699
5056330493953084651
16531924711549707995
958442015589959369
417064476129920219
14666662664672044159
9892275944557123579
9330175703398262489
9757564529312571374
386655630630594156
9460256783067260234
4876173452110496987
435078719886623963
174974010237911771
2543585921926465275
2515723625249146587
3047712020581881563
5555372433360064043
7406650943190106843
4920364491025678987
2740921866707044059
6929515695071559739
530217489786250955
2398366132856203979
5100526596474308315
7736821228308829947
453093118530326235
5101370883930097371
5212988740814573217
1029813514491694843
2349398437634019051
2651131366315950811
3407714096288400075
2634242852683286219
5173111818655930075
2777513630824433355
8028706385426122475
525678478150632699
5137078764251382987
5569406323887151065
4349417944635762131
7879062456879522777
5501452124701831931
7879388187203337129
16721124228479086137
5573227676830529467
453634239579850475
7803231683347252955
12559138360813795059
4533754613323576499
5794753863828144835
5641081718555051259
7859826915145193050
14298968259200808171
11151677677486920887
15869892603954596323
13665632377829646361
18094785607675692534
8450289783614735744
9951888542520927977
10262199344421582024
2916405982155525737
7741175315540893370
2831556688916283611
18309997395705120707
12564037588804748867
13699226444893046595
18171039191085860163
18320484502175860675
2215251621726585955
7362037182201649371
2218499765839892187
508825168080832251
9326890694028414048
1543527182606570235
507699264045483739
408338064655255259
5038584530855565051
15981503105596159218
5074327317408157403
549597307879601394
7563281502030380722
3011097901885859992
7164129585558729866
16560186089807773433
5137945193232500315
5173428615270663899
9317461520007687242
9749771949120980603
382157026503722715
390758610057948616
525150712434034427
9325078971058842667
345973215244093051
1137336951334798939
489948765343221339
5605756454170298075
427492228706725192
1065283755208115803
5678377015345710683
5174514795319920379
9605828269488557760
10290168280534746798
10289648766169253006
10145520899303179265
14775515578454836426
2455356607940016123
3380942925177061611
652464660917257226
6165190374968990427
12595808984454055115
10271660755938935882
12019264669266379790
10107205148176387653
12595738061658522760
10289613586057921678
10109778151447727241
12557457473415840846
12595447932322745422
12413975613772596238
17099470310108608203
9710892787603736202
17133105472226502351
12592350474927506446
10287918129984573102
3371373039960491739
102462023544950026
5173428482145291995
9605550918018092104
8988274086711430899
5100504623253063259
5066164538655411803
418485029652876480
524847401843590747
9605828269556190282
5138222136988304971
9605687531732272362
560880601238636123
91238468091127274
1102579056479340251
6650024352881083611
4704117161708209352
561161921579714299
93913615578787468
7839506745107680987
17096444566037163594
5010736169194653435
5028662503103358668
7875007712133154011
9329740899483733325
526259041664271995
7334276706849296123
90148849181912134
957777756067464443
93104359589899594
382161566066050299
100290749868656068
5118681732436823771
5145649420782358148
2831643687636468859
524869237394376443
101425414348304204
5030417337006458107
103302299605396840
4488001725437676763
1181216237787893064
5749167972017800923
957443637560249563
9316265251171495114
7947505265424467675
1099754546301726410
957478706186323675
3199972249189519051
390693515053362766
957197209784059899
970637606573166472
5604925219354281723
5577714610212294634
5714089342258677499
10191300589106087498
957210403588048635
957091641036754667
5551731001155946203
4711440201122950860
5138490400644566779
9326608116586769472
6127910261430715627
97061465705801158
525146456389846747
91270372525960646
958604739040020171
2110413383239763675
970772983951779785
5713587895968500987
9612632014430522439
7876714227178182395
5291603769020735212
1443568518803786987
9315913133161049098
5155414221075023579
4983845294429783882
526276616635844571
102815261520678152
8055697055112004858
5576395246869525722
5011298891383809499
387984577236297163
1714109952289443035
234483678261922830
1101576349235846387
105981667062963393
381594235346360283
9605902748971532170
5038830683983480411
506863776774784219
92409484817581513
5506123104347071707
5577933412217775170
6074130828719064795
4709469602627557327
5038883580833989851
100242387265481995
2740921885866591355
2551401230176687213
6686303722704570075
5001816683790069442
543160850335958747
9358693204773694920
5137382088628770555
4717351159858550346
1102174487705322747
93104084309853516
3191000354431698139
390797678063473989
6651488764879964155
4991204319790122307
6758695707729495771
102322367310908618
561161938842453595
2830694658945615611
380041675433428042
885430028330599675
9241541377519346778
9064521169988517979
4993196744552323155
1534238572795430651
9604670449253220047
507096869078861019
369793148494923020
7443788185369085179
100704178396318926
994633609168815835
383973546199942858
417064394542319355
9317074255640864716
4993284497166075099
9604706736960031946
399044429537346779
102809437477366857
245910083071673051
251407331972455497
8065372778912319195
4750257226948927182
5750417012936967787
4992435740629306827
9601905064632380865
994088182683043067
94475182419199211
2866996353656456955
11666659938411408576
561179651589571802
107197898116940806
2092368198791661051
9899076791077510629
7334593503636784859
7341014343123326016
5100772749470335739
4858757013786411245
7479231921942988507
5039476091369368665
1012524641054918395
9893675572685819264
5713578958275774171
5001957534482694090
5001724348741714683
9610752940380092492
7460676567840892619
4918412149068171003
4639029647619507690
5749849669191370491
13925980552855112904
5136814745259379947
380556108099873862
5047323432038729451
100347914557976396
4975248241453469403
361379384889310408
6128174165698314970
13925875410620754880
2740921870834240731
99305604231687496
5064779278557415131
4929512927249551107
5552007923396019931
13936008352811036608
5604929621426210043
5577855076383712748
1102174419388499675
100009116594719962
5173938874669106891
504867059367939563
243983736959237474
526241428019119867
93732141130933964
5155379105572357851
5012441117570755906
5038039151541061339
9324357656868939466
435039274906945242
9324985528885798084
7415653888278071035
426726144579421898
939446698477651147
9315930763262544974
5029401268237141707
8037577240792041211
9899586681201057125
921162910911989467
1002300135543475402
453656068752180987
388090130355580386
7803354740656211675
14803134212482651848
17036938285801727497
12439984467444590278
17026746343490741801
12410626809569527657
13548066855483369419
13568632465583925195
972552944028731339
17171723035266770763
5198622500664346226
13550255402075014995
13419723991956768075
13724226555084121923
17034979520850421603
12404161983893923657
10111836597289789273
18319639548987884011
7813023659267442187
3200977275769325403
9089458249672278291
13705860073269854427
1012526926179640952
1037295852381652545
17034060589950297930
10693351290315450203
18169278871944258898
18170951219417548747
13721665278175455179
14872618589440803933
17041198571233166664
17007971122661418315
18179395120822321859
3192268315959363419
13568633050847152083
13693871690104480851
8938078829442410443
4354337681067312961
12397336215812941803
10117517184386508491
3316469699253358027
13568289726177199947
3191978288490514410
12413658487404873674
13706819611005347433
8952381246010869573
12425202531663381955
13560094041357780315
17009391963142546889
12396492070118532459
5632379529639993699
18180809107820808138
18160877679701976139
14879443578059736961
13572001954520352747
12415931381940856539
7789115875079284699
3778097801619277507
4335416808340030539
17036051715022243713
17026561660867626891
12475102405565335419
18260803250579891193
13718016978360702169
17162346390435120459
4348336889147000651
13562932814086423851
12396420219453351707
13577620184634853225
8569271743415813867
13550616182556583867
18181372882139866090
4326665763971385307
9113383351940466499
2119996726552594131
103122382804083926
5713543846922290939
9324216362652624110
5749326366248830683
13970382915665521730
8992480979443288026
10215164264997296094
5029871979103782651
395262244296150734
6704089401119213275
666995375658067406
1137341211879441995
508050575155046107
9325922861943455304
381299493186604235
9611285908995550658
5172584052920421611
4848210668985609474
993243602996692731
9325975895723035716
5082793535332976379
102533731716033610
1119634268514714835
821058279876426819
2074666151373997819
11334067050146281434
1146607878659475163
9900532569033253952
1138748591052719819
958622176501335803
100431500111375694
2110378203547469531
956313170277688518
1697208259178135801
388815777566641420
381035683406186203
102884497533822926
426634466424554715
9367115494586672334
5147532921978750683
101205251355143880
5569745245042116315
14499555202635492940
381035528808302299
9324708403779806796
993525202529584851
9362075054305037508
3227310643660498635
8992463507094767355
7561479902903233768
5488381389017220858
5218798846510114538
345534497215514331
9361371618857708998
5155414302811522779
14226842509485374670
959163226634585819
387064820469671624
6271708652586698458
4992668871659218242
8398850254450503827
8469781949554661531
328681406324278491
9353498859108912128
5172865682532828379
391467570896956558
1678604372229785323
10767629421363190892
3425468889809331915
300494103029515995
9542993335902613068
5570308194993735387
93526394485468810
2759217619949880539
21046591718540363
6308331409491396315
9326889608550362830
4525420322201830139
2913483463626381528
5713860437549550683
966837731213036867
4975534114624767707
4975498896434025674
5118822401340933835
9613010278982438223
418155174535366395
9605480793701177024
535846761700034251
9615066744228277259
526276767093622411
9321771338830007820
6723792653873153755
9605850228401760201
3425416117349033163
8613897259902076635
7335948087945329742
5136806103449634011
9604445619991993800
561742464036935419
9614787107011517514
6200248780695569627
14225399390729520330
7911617072884123371
7588166862725565507
3119188913600365819
9902577523927401834
1101602668644443867
675730859498431759
993525078225094619
9650182414517757258
382161441499154138
9610050411674054470
5101370888090911947
9322897250342792266
1030108031427020523
958859495878782112
6163653116977579611
6181403394271207500
3371408239503378123
7984193632146851547
30766426058714760
5569160442431669979
9893565755061267660
5533434977475888859
4711545468255820870
5029031952354412251
102110418866883916
6163358533355865818
14262034593101956290
5749889234583193339
4702538268161207490
3200288897618446075
2695762730957496072
5181872881890002123
5001675571488191688
975933025224004843
9930231202610806120
344989152366593659
17063437142434776787
30229850424730700
1102438456564156027
21358715672061000
1102719785344206427
93842954866517193
5714405808100116219
17045141526650849019
2408095300379862349
524851799924705019
9326744695548538217
2831785524639598203
